355 292 10865 127 68 0 652
461 350 11638 124 56 0 298
1921 311 11358 119 48 0 497
4512 89 10669 126 77 0 453
169 382 10145 124 58 0 320
13936 408 10527 104 56 0 386
10457 360 12195 121 77 0 386
-473 454 235 126 49 0 386
96 437 -215 104 36 0 342
1323 366 304 114 53 0 386
2109 353 300 117 53 0 298
2801 355 255 126 56 0 431
3357 364 240 123 52 0 386
3914 345 222 126 68 0 298
4427 419 417 126 62 0 364
4467 504 1715 120 43 0 298
4463 466 2169 126 43 0 320
4254 417 3026 133 56 0 253
4099 418 3447 127 51 0 431
3161 475 4295 128 60 0 253
2767 421 4484 121 56 0 253
1902 409 4582 133 58 0 386
1445 402 4605 126 77 0 386
48 486 4632 136 58 0 298
17 422 3919 116 60 0 342
6 373 3300 121 66 0 320
-5 280 2752 123 58 0 253
-11 279 2170 123 53 0 276
1222 301 2849 119 58 0 409
5320 296 1583 144 69 0 431
6499 256 361 111 56 0 497
5904 304 329 124 77 0 519
6736 291 1557 130 77 0 364
4223 334 5359 126 60 0 475
5041 344 4518 121 77 0 431
8939 204 1998 116 70 0 342
10328 315 3517 120 66 0 497
10016 244 4363 133 77 0 386
9407 255 4869 134 77 0 364
11183 274 2426 128 73 0 453
7045 271 6261 131 77 0 542
8017 301 6929 141 77 0 519
6998 255 7982 134 77 0 675
6016 357 7233 133 77 0 564
4764 176 5925 141 80 0 497
5918 289 5511 128 77 0 209
3522 185 6430 109 60 0 453
177 286 4921 110 58 0 453
218 303 5402 102 52 0 409
110 349 8409 136 62 0 409
202 281 7612 126 56 0 364
6249 208 5922 114 77 0 320
189 326 9469 133 51 0 342
2358 433 4517 127 63 0 364
11096 261 5012 130 58 0 386
5 -17 216 0 79 151 453
13941 109 14200 90 0 0 586
-413 323 5506 0 68 155 808
1448 708 13909 85 0 99 874
2006 566 14131 0 7 195 874
3746 252 4807 120 59 0 519
2690 276 5478 0 66 126 342
2115 216 5273 0 80 175 542
223 292 6038 121 65 0 320
191 199 6859 117 58 0 276
1677 201 7181 106 51 0 519
1642 223 7697 109 58 0 386
2863 203 7166 0 79 144 519
2038 182 6950 0 66 147 386
2560 223 8103 0 87 171 586
2220 172 8707 0 68 170 453
1556 204 8302 0 62 133 231
4089 224 7252 0 69 165 453
4536 196 6752 0 53 130 519
4432 172 7846 116 65 0 364
3964 182 8187 117 52 0 386
3985 141 8586 111 65 0 586
3445 224 8816 113 65 0 431
3555 158 8977 121 75 0 431
2944 224 9024 117 62 0 453
2946 242 9441 102 46 0 342
2815 173 9752 102 51 0 475
2147 191 10123 104 59 0 431
1751 186 9734 119 53 0 431
1408 348 8806 127 60 0 364
5068 224 3522 130 66 0 519
5769 209 3499 141 65 0 630
5947 294 1725 120 65 0 386
8331 348 1596 121 72 0 386
10314 267 2888 126 77 0 386
9063 63 4566 131 82 0 386
9041 61 3864 117 83 0 386
9797 39 3797 116 62 0 386
7817 213 5059 106 73 0 431
7614 176 5715 96 49 0 364
6216 276 4797 119 62 0 342
5932 309 5066 126 62 0 320
8655 269 4597 128 80 0 431
7887 206 3389 131 70 0 342
8011 236 3549 116 62 0 342
9196 191 427 136 63 0 608
8128 324 446 123 69 0 364
5057 238 2220 111 49 0 453
-67 330 1561 126 52 0 276
4368 463 2595 128 53 0 453
3420 207 8038 113 46 0 409
12001 342 3177 121 76 0 608
2874 284 11879 130 66 0 542
3317 271 11638 127 60 0 386
3667 271 10808 131 70 0 386
3632 136 7857 100 25 0 276
5456 187 6694 111 72 0 320
3931 166 10061 110 66 0 386
4634 269 9559 123 63 0 386
5108 75 10239 119 55 0 386
5927 185 9330 120 69 0 386
5998 146 8794 114 58 0 386
9803 165 5853 120 59 0 386
10523 204 5526 114 52 0 386
10922 -84 3100 0 68 99 453
6492 284 5288 89 45 0 542
7120 190 4930 0 76 150 386
8804 202 3652 0 46 127 386
9020 195 3375 0 72 110 386
9521 196 3142 0 62 147 364
10330 171 2681 0 68 145 475
12637 234 7139 116 60 0 453
10647 183 2224 0 65 167 342
9610 226 2560 0 63 148 298
6937 305 1863 0 69 120 431
7212 150 2531 0 87 179 298
11708 221 3033 58 36 0 409
4634 121 8420 0 58 121 763
5895 43 9035 0 41 121 652
3445 137 11150 0 68 131 586
7821 217 6655 66 36 0 409
6844 196 3721 103 56 0 364
7352 184 3905 136 58 0 431
6742 217 5184 106 38 0 652
8001 196 2533 119 69 0 652
3108 357 5102 128 60 0 342
9101 204 2477 0 49 128 386
9755 366 9103 104 49 0 386
9477 259 10286 104 49 0 386
9070 312 6451 102 38 0 453
962 408 145 120 60 0 453
2575 179 5847 0 72 184 386
5144 296 6359 85 51 12 320
10960 154 2769 0 43 90 253
10473 68 4013 0 62 136 253
10550 121 5350 0 62 136 253
10975 65 4938 0 62 136 253
11267 194 2662 66 29 0 409
8629 66 6339 0 53 119 276
1386 378 8174 127 60 0 364
6677 224 7840 68 36 0 386
6177 306 7468 59 26 0 409
4836 44 9330 0 53 119 276
5258 -49 9161 0 60 131 276
5050 130 8233 0 60 131 276
3497 -6 10197 0 60 131 342
5792 199 7772 0 60 131 276
2630 236 11743 55 28 0 386
6159 -129 7943 0 55 97 386
2183 249 11413 55 28 0 386
3093 -26 9648 0 60 131 276
7394 287 6305 58 24 0 409
3357 29 10641 0 60 131 276
6295 -81 8457 0 60 131 276
2224 108 11087 0 29 77 364
2634 -44 10661 0 72 138 497
4009 78 9758 0 60 131 276
4275 -150 9780 0 72 138 364
5616 226 4964 126 62 0 320
5404 314 1339 70 34 0 298
5005 150 7660 0 68 153 453
5406 157 7407 0 68 147 453
12237 155 4532 97 45 0 320
12070 130 4317 106 58 0 253
12569 205 5183 137 70 0 386
10665 198 1959 0 65 167 342
12655 313 5654 116 60 0 342
10175 186 9537 104 49 0 386
11593 208 5507 0 92 175 497
12574 352 6528 106 42 0 342
6767 191 9121 104 49 0 386
8741 227 10807 104 49 0 386
12635 350 6258 92 39 0 342
7814 363 9597 104 49 0 386
8695 209 9689 0 70 155 409
8944 190 11340 104 49 0 386
8502 159 9320 104 49 0 386
8949 50 6036 0 60 104 475
7429 174 12066 140 66 0 497
8676 94 5182 0 60 104 475
7419 149 11047 104 49 0 386
6453 231 10871 104 25 0 386
7988 335 9225 104 49 0 386
8087 243 8903 104 49 0 342
5452 129 12618 140 66 0 497
8593 164 11198 104 49 0 386
5045 170 12250 104 52 0 386
6600 131 10579 96 32 0 431
7480 178 9179 96 32 0 564
9194 238 8462 104 49 0 342
8646 295 7924 104 49 0 342
8878 226 8148 104 49 0 342
8973 294 9931 127 66 0 386
7432 133 1838 0 87 179 298
7787 237 1703 0 87 179 298
8166 168 5589 0 60 104 475
6706 157 3000 0 87 179 298
7823 276 8630 104 49 0 342
5855 188 2472 0 87 179 298
6304 149 2878 0 87 179 475
7629 223 2149 0 87 179 298
8108 71 6582 0 60 104 475
7537 56 6051 0 60 104 342
10571 137 3559 0 60 104 342
13711 348 3532 126 77 0 386
13828 295 4313 126 77 0 386
11710 37 3424 0 46 89 342
13904 312 5128 126 77 0 386
11496 68 4211 0 46 89 342
13732 247 3966 126 77 0 386
11141 188 5980 127 58 0 386
11661 194 5145 123 58 0 386
9753 204 8755 116 60 0 453
10870 237 7644 116 60 0 453
13780 272 8295 116 60 0 453
10484 254 8001 90 26 0 364
13795 258 5789 116 60 0 342
10269 188 6922 90 26 0 364
12620 173 8339 116 60 0 453
13886 297 6149 116 60 0 364
13894 341 6852 116 60 0 364
11007 196 8698 0 96 165 386
10418 240 6563 90 26 0 364
11296 209 8123 0 75 154 386
12056 197 7460 0 72 187 431
11111 189 7193 0 73 154 386
9891 241 7801 0 62 134 342
13824 350 8760 0 59 153 431
9503 158 8120 0 87 179 453
10569 201 8920 0 89 171 342
9454 184 7106 0 85 179 542
13752 232 9294 0 59 153 431
11926 164 5794 0 82 158 497
10137 230 6315 0 92 172 519
9538 246 6599 0 92 188 386
11373 190 8978 0 72 187 431
8827 161 7218 0 70 134 386
11491 153 4546 0 73 154 386
12427 177 6147 0 73 154 386
11937 207 9181 0 59 153 431
11763 240 6680 0 73 154 386
11425 195 6287 0 73 154 386
11558 216 7529 0 73 154 386
11982 185 8582 0 100 187 431
9178 175 1528 116 70 0 342
7234 192 10090 0 70 170 386
7423 195 11432 0 70 164 386
6788 159 11538 0 70 164 386
6464 174 9945 0 70 164 586
5971 250 9881 0 93 164 475
5795 184 10340 0 70 164 409
7278 179 10679 0 70 164 386
4339 333 11834 0 60 127 475
7784 212 10197 0 70 155 409
7064 272 12359 0 72 160 475
6241 159 11526 0 60 127 342
8635 179 10449 0 70 155 409
6005 167 10820 0 56 138 342
5229 192 11374 0 60 127 475
8704 259 12815 140 66 0 497
5948 216 12531 0 68 140 409
7805 251 12819 111 66 0 409
7848 200 12204 0 86 164 409
4048 196 12356 0 68 140 475
8524 141 12302 0 110 164 409
7525 313 12842 140 66 0 409
6916 273 12775 110 66 0 409
7909 244 12657 140 66 0 497
7238 298 12834 109 66 0 409
5574 216 12014 0 72 160 475
5992 166 11856 96 32 0 431
8414 239 14072 114 49 0 298
5127 261 13930 114 66 0 431
9571 467 14008 114 49 0 253
6558 275 13968 114 66 0 497
7860 179 13979 114 49 0 342
8146 216 14074 114 49 0 253
8958 235 14007 114 49 0 342
9945 455 10959 114 49 0 253
9640 509 11818 114 49 0 253
9543 500 12667 114 49 0 253
11284 438 9949 114 49 0 253
11703 462 9891 114 49 0 253
10874 451 10098 114 49 0 253
14022 319 14644 94 46 0 276
12589 373 14157 104 56 0 386
5739 348 12819 114 49 0 253
12594 430 9828 114 49 0 253
13902 446 9813 114 49 0 253
9555 468 12229 114 49 0 253
11154 380 14172 104 56 0 386
14371 344 14269 120 69 0 342
14380 328 14040 120 69 0 342
13941 378 11148 104 56 0 386
13796 380 14618 94 46 0 342
10044 367 14241 104 56 0 386
13951 339 11723 104 56 0 386
13953 332 12305 104 56 0 386
13984 356 12910 104 56 0 386
6753 215 9420 0 83 170 298
11839 376 14171 104 56 0 386
10582 300 14269 104 56 0 386
8915 327 12331 114 49 0 253
7619 182 8460 0 68 170 431
2955 180 13741 114 66 0 364
5057 223 9446 0 93 164 475
8531 204 7676 0 68 170 364
3718 215 10437 0 93 164 475
2801 325 12145 72 41 0 342
5917 52 11399 0 206 45 320
6190 61 10806 0 177 45 320
5986 79 10545 0 137 45 320
6344 11 11607 0 206 45 409
