8448 -22 11374 255 97 0 431
7336 162 10210 216 216 55 231
10318 -40 10304 114 50 0 364
8617 -44 6508 229 230 55 253
7669 -102 6069 144 145 55 477
8280 161 6042 114 128 55 497
9880 21 6417 114 128 55 648
7968 244 6419 5 87 128 615
7636 -90 7640 128 33 0 516
8874 22 6034 128 33 0 409
8161 -70 8290 114 128 55 453
9063 -74 8173 229 232 55 253
9081 222 11487 114 128 55 400
8375 33 11454 0 72 128 494
9546 -133 11050 0 72 128 494
9192 -60 11007 114 128 55 406
8242 -58 12132 184 185 55 364
3988 93 8797 49 9 96 598
5521 -101 3955 26 63 255 497
7332 -171 4865 15 58 109 608
6777 -165 3431 10 50 255 542
8395 59 4271 211 213 25 276
10033 -837 5654 0 68 192 320
6258 155 4866 0 68 192 320
9675 8 8395 0 43 56 527
9574 -128 8851 0 58 35 527
8387 46 8729 0 72 128 604
10011 -115 11255 184 195 55 497
11474 -107 9903 114 128 55 582
11748 -106 9823 182 211 55 342
10885 134 10145 0 72 184 409
10616 102 10210 199 201 55 320
5119 -42 9839 114 128 55 186
9174 58 8440 114 128 55 582
9007 -133 9704 114 128 55 582
8105 -78 9033 191 194 55 253
8460 -52 9748 255 80 0 320
6336 -175 11394 0 75 230 763
7630 18 9653 0 72 128 494
8689 1 8360 128 33 0 516
8456 -70 7086 206 211 55 320
9459 16 3941 7 100 229 475
9938 -23 924 128 55 0 582
12012 -7 688 128 55 0 582
10993 -46 1686 154 55 0 747
6406 86 1152 128 55 0 747
10606 -26 1286 128 55 0 582
10999 -63 2658 128 55 0 320
8265 -48 1273 128 55 0 598
12568 248 10090 114 128 55 532
12452 274 10712 114 128 55 532
12996 403 12262 114 128 55 532
13696 361 8616 114 128 55 532
11712 239 11762 128 55 0 582
13605 331 9864 114 128 55 439
12333 11 9303 128 55 0 582
13051 40 8305 128 55 0 582
13193 -54 7386 128 55 0 582
12450 -54 6752 128 55 0 582
13450 210 8119 0 52 128 730
12834 298 9211 0 52 128 730
13534 173 7369 0 52 128 587
4340 220 2527 52 89 128 521
6940 -561 4761 110 89 128 697
6443 -83 3449 185 177 31 231
534 235 3217 255 106 0 342
6980 115 2428 128 128 128 356
6133 184 1043 29 37 128 592
10071 -16 5037 157 148 38 409
8725 -99 4168 33 85 219 475
10322 -12 5402 157 148 38 409
10629 -183 5266 0 68 192 697
12294 377 4487 167 12 104 1317
1978 115 7426 0 52 128 620
2285 13 8793 0 52 128 587
11376 -91 4500 0 52 128 439
11216 -93 4268 0 52 128 276
11136 0 3921 0 52 128 340
10518 -85 4025 0 52 128 340
10682 -51 4310 0 52 128 340
10839 -90 4648 0 52 128 340
11786 -71 6374 0 52 128 340
11196 -86 6555 0 52 128 340
12072 -295 6354 59 29 128 549
10386 -44 7383 0 52 128 340
11740 -102 7257 0 52 128 340
11360 -90 8413 0 52 128 439
10473 -96 8833 0 52 128 209
2103 104 1999 0 52 128 725
5234 86 591 0 52 128 725
8664 -45 8853 114 128 128 620
1258 -73 9299 0 128 68 466
1137 200 9592 0 57 128 466
5304 -115 8652 23 70 128 587
2518 312 7741 0 52 128 587
944 -101 8688 182 182 21 320
597 203 10407 0 45 128 1000
710 -69 8057 235 238 29 231
4341 232 10986 128 80 27 587
4809 -107 11263 114 128 55 329
4835 -28 7317 128 59 31 406
3940 -55 7568 114 128 55 373
5889 -72 9839 114 128 55 373
5483 13 9754 172 33 0 453
6078 107 5720 90 87 21 719
5076 195 5309 128 61 53 609
7849 -11 7175 195 196 55 320
8113 -125 6174 128 128 57 1000
5510 -144 7155 5 62 128 318
5212 -152 4010 255 255 45 209
6633 -995 5340 37 52 255 1428
6660 -102 4817 157 148 38 409
4900 -660 4215 20 80 128 862
5866 -451 4037 20 80 187 862
6302 -362 3717 14 80 128 862
7037 -639 3421 14 58 128 862
5937 264 3293 128 85 60 1000
3283 -607 5257 10 50 128 802
3672 -8 4991 128 73 38 342
3441 18 4632 128 73 38 298
4431 156 4182 92 109 128 475
4429 -145 3417 10 50 128 802
1595 -330 7578 8 123 230 1229
1989 -221 8473 0 138 255 785
3713 -138 7236 114 128 55 373
5687 165 9902 79 80 128 604
7428 14 7846 54 70 128 604
7680 58 9809 38 70 128 604
7905 -88 10345 32 76 185 298
8351 -3 9108 57 79 128 604
5392 -130 8358 206 206 45 187
5605 296 8632 213 218 45 342
5384 98 6190 59 61 128 659
4316 20 5487 11 94 22 453
7339 -144 9028 115 128 40 692
5700 -139 8822 128 81 73 549
8770 87 8521 57 79 128 604
8934 30 5518 168 151 43 231
7905 172 5996 43 62 198 386
3620 93 7564 0 52 255 630
4832 -44 9772 225 226 24 253
2561 318 10519 16 46 187 1628
2609 105 10096 2 76 128 527
5274 -114 11505 128 112 27 697
3541 284 10428 128 82 55 675
3026 240 10248 128 61 45 466
3165 126 11218 57 76 128 956
2785 339 9827 128 112 27 483
2215 631 10489 128 44 27 681
1963 256 11109 128 112 27 681
2029 608 10389 128 53 27 681
3534 340 10967 128 51 27 510
3052 253 9702 128 112 27 483
4179 259 11739 57 76 128 956
3246 626 10979 128 37 27 510
-633 77 8071 43 37 128 956
-207 164 8986 33 68 128 956
266 472 5950 128 112 27 642
-69 494 5656 128 112 27 642
-367 344 6198 46 37 128 956
1001 -960 6417 14 37 107 741
1407 -93 6412 46 37 128 956
-598 156 7620 24 109 175 941
1207 -365 8915 128 112 27 609
62 -118 7478 43 37 128 956
638 401 6345 128 80 83 609
1489 144 6195 128 58 36 609
1537 -39 9949 43 37 128 956
1855 62 8852 128 58 65 386
4994 472 12018 128 112 27 785
3676 514 11328 128 70 27 356
3206 432 11403 128 112 27 356
4750 218 11244 128 75 27 697
4362 61 11575 57 76 128 422
3726 67 10871 37 64 128 422
4596 78 5393 48 112 63 276
4230 36 7073 20 48 128 824
3873 -58 7418 28 57 128 342
2841 214 5309 28 57 128 824
3384 -37 5563 28 57 128 824
3532 102 5491 218 219 24 231
3142 202 5582 0 52 189 320
3563 37 5371 0 52 128 164
3787 -25 5331 0 52 128 164
3735 71 5356 128 61 24 224
3827 -139 5524 128 103 24 224
3452 -17 4869 0 72 128 422
3821 -95 4696 22 46 181 475
-28 81 6678 28 55 128 956
1394 110 10442 29 27 128 917
323 417 9407 33 68 128 956
6196 95 5052 128 61 53 497
5425 -1046 4483 12 70 222 453
4211 16 6422 128 61 53 386
4292 55 4974 0 36 199 586
2353 117 6018 85 58 58 692
3247 222 3670 107 58 58 608
4910 40 4177 22 86 128 342
5142 -94 8587 128 114 66 813
4788 67 8528 28 57 128 780
5090 107 8987 28 57 128 824
4953 -88 8459 128 109 76 342
4212 -83 8853 225 225 21 120
5601 -97 7262 128 109 45 422
6089 -114 7597 128 109 45 422
5415 210 7465 199 201 35 364
5929 221 7920 28 57 128 565
6600 -11 7766 128 114 38 542
5956 -103 7419 141 138 26 497
7136 -74 8723 208 209 14 253
6868 -133 8562 128 109 45 409
6768 -126 8743 128 109 45 320
6740 294 8429 28 57 128 824
6491 157 9023 28 57 128 824
6765 -127 8996 128 109 45 488
7248 -119 8943 223 226 45 165
7192 -128 8716 128 109 45 488
5510 235 7216 213 211 66 298
5409 27 6586 148 147 40 431
5532 354 6108 85 89 128 494
5611 66 5847 201 206 55 386
6042 17 6307 240 243 40 320
3766 -106 8110 182 153 40 231
3240 -41 9602 133 137 21 231
4176 -18 10303 130 117 21 231
5341 -51 10993 161 160 40 209
1174 -120 6951 230 229 40 364
3787 -104 6034 233 242 40 342
4982 -58 4958 229 228 40 253
3320 68 5392 229 228 40 253
4841 -54 7089 128 125 40 364
5168 -122 5829 170 75 70 364
7004 106 6666 114 128 55 386
1274 87 9304 0 38 128 675
1743 30 9572 0 38 128 675
3544 63 8333 0 70 213 386
3944 -15 8428 0 70 128 510
9156 56 5521 126 110 43 409
9412 -50 6109 128 104 43 320
7031 -344 4981 255 94 11 187
1279 -42 7283 0 52 128 488
1579 -121 8418 0 52 128 209
4636 12 5087 0 52 128 439
1739 24994 5197 127 73 65 8586
21917 28141 -7979 109 96 83 9638
2316 -83 9227 225 225 21 253
9650 28 11295 114 128 55 400
7450 -27 3351 255 255 82 165
13919 337 929 0 161 255 1362
7494 5 3541 255 255 82 120
6307 -80 10263 130 114 40 209
8458 52 3217 5 65 228 364
12401 179 1994 0 161 255 896
5814 76 12337 255 97 0 431
3499 -458 2512 0 86 255 808
6321 -116 2186 255 255 82 98
6523 -62 2362 255 255 82 120
5319 -152 2845 0 53 137 874
4388 -340 1694 0 86 255 1118
5144 156 11751 235 235 40 298
9252 -2 6875 0 46 100 342
9263 -36 7476 0 52 59 342
12212 -260 7570 0 107 232 719
11977 216 8169 126 99 140 608
11920 -267 8541 0 107 232 719
10601 -508 5133 255 126 26 409
10647 45 6712 170 170 43 298
5971 -209 2477 0 49 191 785
6899 -423 11551 0 75 218 963
7257 -204 11524 42 75 230 763
4360 -131 10493 0 83 167 120
6906 -27 9997 0 107 232 519
5186 -121 10915 0 83 167 120
6159 42 9541 222 223 40 187
3915 -132 10176 0 83 167 120
5626 -146 10437 0 83 167 120
3583 114 6997 0 52 255 364
4893 -135 10092 0 83 167 120
4618 -127 10613 0 66 167 231
4897 -132 10814 0 83 167 120
5201 -124 10327 0 83 167 120
5585 -110 11131 0 83 167 120
6356 -127 10592 0 83 167 120
6333 -135 11185 0 83 167 120
4153 -120 9651 0 83 204 253
3147 -106 9412 0 83 167 120
2998 -110 9174 0 83 167 120
3599 -101 9932 0 83 167 120
3395 -99 9699 0 83 167 120
3928 -122 9470 0 83 167 120
3738 -127 9274 0 83 167 120
3552 -130 9081 0 83 167 120
3331 -122 8811 0 83 167 120
3186 -132 8541 0 83 167 120
2126 -127 6440 0 83 167 98
2593 -117 8587 0 83 167 120
2447 -123 8350 0 83 167 120
2064 -147 5637 0 83 167 120
2673 -125 5843 0 83 167 120
2686 -118 6912 0 83 167 120
2696 -120 6563 0 83 167 120
2745 -136 5534 0 83 167 120
2311 -148 4887 0 83 167 120
2468 -135 4541 0 83 167 120
2169 -134 5270 0 83 167 120
2828 -141 5216 0 83 167 120
2980 -140 4774 0 83 167 120
2592 -157 4154 0 83 167 120
3756 -132 2611 0 83 167 120
3151 -139 4416 0 83 167 120
4201 -144 3114 0 83 167 120
3312 -156 4107 0 83 167 120
2859 -126 3799 0 83 167 120
3783 -143 3560 0 83 167 120
3916 -126 3253 0 83 167 187
3212 -129 3226 0 83 167 120
3603 -136 2780 0 83 167 120
5438 -141 2358 0 83 167 120
4828 -116 1881 0 83 167 120
5052 -110 2570 0 83 167 120
4879 -112 2771 0 83 167 120
4561 -124 2018 0 83 167 120
5442 -125 1588 0 83 167 120
6749 -141 1375 0 83 167 120
5991 -49 1484 0 83 167 120
7207 -141 1372 0 83 167 253
8130 -144 1502 0 83 167 120
7440 -143 2153 0 83 167 120
7840 -157 2176 0 83 167 120
8221 -133 2298 0 83 167 120
8612 -131 2434 0 83 167 120
8539 -117 1571 0 83 167 120
8868 -132 2620 0 83 167 120
7617 133 9452 199 188 40 453
4443 9 3450 255 130 2 165
4251 -3 3358 255 130 2 165
4157 -27 3475 255 106 0 98
4110 -16 3740 255 130 2 165
976 141 1727 229 228 40 253
-221 476 678 0 52 128 1340
801 129 1626 229 228 40 253
2454 -19 1101 0 52 128 725
3027 -94 408 0 52 128 725
2774 31 2791 255 106 0 165
707 208 1070 255 106 0 364
833 507 2919 15 43 128 564
437 290 3487 255 106 0 165
189 271 3509 255 106 0 165
-77 261 4895 255 106 0 276
-158 583 3559 4 17 128 785
288 357 5514 28 57 128 231
409 520 4068 12 45 110 1273
87 505 5310 14 80 153 409
-271 596 4042 66 57 128 253
13451 320 3489 211 55 0 320
13352 213 3230 211 55 0 409
13965 252 4893 211 55 0 276
13706 279 3511 211 55 0 253
10880 127 3227 211 55 0 409
14028 724 3688 117 68 117 564
12965 545 3025 145 15 99 785
13685 484 5212 178 22 92 852
14188 492 4175 58 25 136 586
13279 586 4026 143 19 72 1251
10812 119 7629 151 85 0 409
1927 93 6295 184 82 36 453
3028 35 3226 117 70 0 431
3488 -476 5016 255 106 0 231
2848 -36 10314 225 225 21 231
1907 4 4508 28 57 161 808
11968 106 6326 211 55 0 409
161 -935 5441 14 37 209 675
740 23 4503 0 83 167 120
524 -941 5988 14 37 216 1051
1355 115 4484 0 83 167 453
1929 13 3979 0 83 167 453
1543 4 5197 0 133 187 608
1253 63 4808 0 83 167 431
1517 99 4168 0 83 167 453
12831 -929 6249 172 32 107 431
13317 -882 5815 172 32 107 431
13623 -923 5244 172 32 107 431
8784 165 812 128 55 0 582
8551 -168 2852 15 141 58 453
8155 -192 2755 5 94 31 453
7724 -231 2446 15 106 58 453
9680 -174 3625 15 141 58 453
5458 134 3220 0 63 151 253
4558 187 3576 0 63 151 386
6944 -2 6935 0 0 178 320
6740 164 7115 0 43 111 320
11850 -149 1120 15 113 42 342
10378 -37 579 15 113 42 453
6862 104 12144 140 51 63 741
672 493 7499 128 42 91 386
6405 -123 2093 0 83 167 187
4515 -121 3087 0 83 167 120
4627 -152 3266 0 83 167 120
4673 -127 3482 0 83 167 120
5196 -121 3269 0 83 167 120
4984 -128 3119 0 83 167 120
5065 -69 3551 0 83 167 342
4875 -91 2904 0 83 167 120
5912 -110 2167 0 83 167 187
8849 -115 3668 0 52 128 209
9311 -75 3234 0 52 128 209
9012 -46 2939 0 52 128 209
8731 -67 3298 0 52 128 209
11122 -28 6888 0 52 128 340
10170 -68 8172 0 52 128 340
10445 33 8209 0 52 128 340
10621 18 8590 0 52 128 439
10852 -73 9267 0 52 128 209
10272 -117 9133 0 52 128 209
10630 -120 9540 0 52 128 209
10396 -21 9735 0 52 128 209
10049 -67 9365 0 52 128 209
9845 -86 10183 0 52 128 209
9810 25 9472 0 52 128 209
10094 -70 10042 0 52 128 209
9631 -88 10398 0 52 128 209
9347 -86 10572 0 52 128 209
9062 -85 10751 0 52 128 209
8692 -102 10919 0 52 128 209
8322 -113 11037 0 52 128 209
8587 -83 10338 0 52 128 209
8228 -79 10470 0 52 128 209
7193 -138 10001 0 52 128 143
6963 -44 9584 0 52 128 209
6279 -110 9861 0 52 128 209
5919 -62 10418 0 52 128 209
7447 -53 11201 0 52 128 209
11770 -78 5660 0 52 128 276
11170 -81 5817 0 52 128 276
11159 -47 5428 0 52 128 276
11637 -111 5349 0 52 128 276
11538 -88 4964 0 52 128 276
11025 -71 5138 0 52 128 276
2883 -32 6993 0 83 167 276
3293 -32 6820 0 83 167 276
3227 -44 8167 0 83 167 276
3448 -107 8033 0 83 167 120
9703 -105 3097 0 52 128 209
9945 -104 3303 0 52 128 209
10159 -121 3522 0 52 128 209
10222 -101 2658 0 52 128 209
6685 -96 9997 0 52 128 209
6479 -97 10228 0 83 167 120
6963 29 4089 0 34 233 497
5050 127 7668 0 34 175 497
8836 126 7669 0 34 175 497
8966 -7 9308 0 124 38 409
6948 175 2774 0 124 38 497
9554 100 5421 0 124 38 409
4973 18 9314 0 124 38 409
1020 -35 8277 0 124 38 409
10221 17 1512 0 124 38 409
3714 158 1440 0 124 38 409
12826 54 8281 0 124 38 409
32 603 3933 0 19 255 165
13878 582 3930 143 19 72 165
6321 15 9673 0 72 128 494
